   ALA  ARG  ASN  ASP  CYS  GLN  GLU  GLY  HIS  ILE  LEU  LYS  MET  PHE  PRO  SER  THR  TRP  TYR  VAL  
ALA -0.47 0.13 -0.03 -0.55 -1.31 -0.84 -0.75 -1.20 -0.57 -1.47 -1.50 -0.74 -0.53 -1.20 -0.48 -0.52 -0.81 0.00 -0.15 -0.10 
ARG 0.13 0.29 -0.22 -0.28 -1.36 0.31 -0.43 -0.74 1.17 -0.02 -0.39 0.31 -0.38 0.34 0.64 -0.37 -0.61 1.31 -0.65 -0.27 
ASN -0.03 -0.22 -1.21 -0.03 -1.64 -0.03 0.35 -1.04 -0.54 -1.03 0.17 0.20 0.22 -0.77 -0.30 -0.65 -0.93 0.38 -0.46 -1.13 
ASP -0.55 -0.28 -0.03 -0.81 -0.39 0.04 0.59 -0.22 -0.46 0.11 -0.29 -1.01 -0.90 -0.62 -0.50 -0.59 -0.59 0.37 0.26 0.35 
CYS -1.31 -1.36 -1.64 -0.39 -3.17 0.49 -0.96 -1.51 -0.28 -1.72 -1.52 -1.40 -1.83 -1.59 -1.10 -0.70 0.10 -0.62 -0.85 -1.40 
GLN -0.84 0.31 -0.03 0.04 0.49 -0.73 -0.04 -1.36 -0.59 -0.91 -0.89 -0.44 -1.19 -0.78 0.41 -1.05 -1.13 -0.65 -0.24 -1.30 
GLU -0.75 -0.43 0.35 0.59 -0.96 -0.04 0.29 -1.00 -0.56 -0.12 -0.54 -0.54 0.25 -0.71 -0.14 -0.42 -0.35 3.34 0.12 -0.47 
GLY -1.20 -0.74 -1.04 -0.22 -1.51 -1.36 -1.00 -1.16 -0.87 -1.62 -0.83 -0.93 -0.56 -1.05 -1.10 -0.65 -1.06 -0.73 -1.04 -1.30 
HIS -0.57 1.17 -0.54 -0.46 -0.28 -0.59 -0.56 -0.87 0.45 -0.77 -0.28 -0.24 2.60 0.44 -0.16 1.14 -0.20 0.22 1.48 1.00 
ILE -1.47 -0.02 -1.03 0.11 -1.72 -0.91 -0.12 -1.62 -0.77 -2.59 -1.92 -0.38 0.29 -1.84 -0.69 -0.78 -1.98 -1.23 -1.18 -2.18 
LEU -1.50 -0.39 0.17 -0.29 -1.52 -0.89 -0.54 -0.83 -0.28 -1.92 -1.51 -0.47 -1.01 -1.66 -1.09 -1.02 -1.13 -0.60 -0.90 -1.12 
LYS -0.74 0.31 0.20 -1.01 -1.40 -0.44 -0.54 -0.93 -0.24 -0.38 -0.47 -0.44 -0.67 1.14 -0.53 -0.66 -0.15 -0.52 -0.24 -0.80 
MET -0.53 -0.38 0.22 -0.90 -1.83 -1.19 0.25 -0.56 2.60 0.29 -1.01 -0.67 -1.78 -1.02 -1.31 -0.95 -0.91 -1.09 0.49 1.28 
PHE -1.20 0.34 -0.77 -0.62 -1.59 -0.78 -0.71 -1.05 0.44 -1.84 -1.66 1.14 -1.02 -1.90 -0.40 -1.37 -0.91 -0.59 -0.78 -1.67 
PRO -0.48 0.64 -0.30 -0.50 -1.10 0.41 -0.14 -1.10 -0.16 -0.69 -1.09 -0.53 -1.31 -0.40 -0.78 -0.82 -0.69 -0.55 -0.80 -0.58 
SER -0.52 -0.37 -0.65 -0.59 -0.70 -1.05 -0.42 -0.65 1.14 -0.78 -1.02 -0.66 -0.95 -1.37 -0.82 -1.55 -0.73 -0.33 -0.43 -1.36 
THR -0.81 -0.61 -0.93 -0.59 0.10 -1.13 -0.35 -1.06 -0.20 -1.98 -1.13 -0.15 -0.91 -0.91 -0.69 -0.73 -1.58 0.26 -0.90 -0.95 
TRP 0.00 1.31 0.38 0.37 -0.62 -0.65 3.34 -0.73 0.22 -1.23 -0.60 -0.52 -1.09 -0.59 -0.55 -0.33 0.26 -0.25 -0.41 -0.42 
TYR -0.15 -0.65 -0.46 0.26 -0.85 -0.24 0.12 -1.04 1.48 -1.18 -0.90 -0.24 0.49 -0.78 -0.80 -0.43 -0.90 -0.41 0.77 -0.53 
VAL -0.10 -0.27 -1.13 0.35 -1.40 -1.30 -0.47 -1.30 1.00 -2.18 -1.12 -0.80 1.28 -1.67 -0.58 -1.36 -0.95 -0.42 -0.53 -1.10 
